884550826
927078727
457088474
202211273
287149578
372223208
797049995
244525542
754554113
627107346
884550826
927078727
457088474
202211273
287149578
372223208
797049995
244525542
754554113
627107346
797120169
499581419
542010867
669610532
499567879
669570145
797032606
329577423
884550826
927078727
457088474
202211273
287149578
372223208
797049995
244525542
754554113
627107346
797120169
499581419
542010867
669610532
499567879
669570145
797032606
329577423
797235151
287088153
884635993
372042540
457218143
542021128
754561681
627031286
842043593
244736150
712074346
